[        111111111111111111111111111   ]
[        100000000011000000000000001   ]
[        101100000111000000000000111   ]
[        10010000000000000000000001    ]
[1111111110110000011100000000000011    ]
[10000000001100000111011111111111111111]
[11110111111111011100000000001111000001]
[1111011     11111110111000000000011111]
[111101111111110111010100100011111     ]
[110000001101010111000N001000110001    ]
[100000000000000000000000000000011     ]
[1000000000000000110101001000111111111 ]
[111111111111111111111111111111111     ]
